func_id,rms,cost,chains
5,8,1,3
7,16,2,2
8,16,1,4
13,36,5,7
11,68,6,6
6,25,2,8
13,37,7,10
11,69,8,9
6,25,2,11
13,37,7,13
11,69,8,12
6,25,2,14
13,37,7,16
11,69,8,15
6,25,2,17
13,38,16,19
11,70,17,18
6,25,2,20
13,39,20,22
11,71,21,21
6,25,2,23
13,40,24,25
11,72,25,24
6,25,2,26
13,41,28,28
11,73,29,27
6,25,2,29
13,42,32,31
11,74,33,30
6,25,2,32
13,43,36,34
11,75,37,33
6,25,2,35
13,44,40,37
11,76,41,36
6,25,2,38
13,45,44,40
11,77,45,39
6,25,2,41
13,46,48,43
11,78,49,42
6,25,2,44
13,47,52,46
11,79,53,45
6,25,2,47
13,48,56,49
11,80,57,48
6,25,2,50
13,49,60,52
11,81,61,51
6,25,2,53
13,50,64,55
11,82,65,54
6,25,2,56
13,51,68,58
11,83,69,57
6,25,2,59
13,52,72,61
11,84,73,60
6,25,2,62
13,53,76,64
11,85,77,63
6,25,2,65
13,54,80,67
11,86,81,66
6,25,2,68
13,55,84,70
11,87,85,69
6,25,2,71
13,56,88,73
11,88,89,72
6,25,2,74
13,57,92,76
11,89,93,75
6,25,2,77
13,58,96,79
11,90,97,78
6,25,2,80
13,59,100,82
11,91,101,81
6,25,2,83
13,60,104,85
11,92,105,84
6,25,2,86
13,61,108,88
11,93,109,87
6,25,2,89
13,62,112,91
11,94,113,90
6,25,2,92
13,63,116,94
11,95,117,93
6,25,2,95
13,64,120,97
11,96,121,96
6,25,2,98
13,65,124,100
11,97,125,99
6,25,2,101
13,66,128,103
11,98,129,102
6,25,2,104
13,67,132,106
11,99,133,105
6,25,2,107
13,68,136,109
11,100,137,108
6,25,2,110
13,69,140,112
11,101,141,111
6,25,2,113
13,70,144,115
11,102,145,114
6,25,2,116
13,71,148,118
11,103,149,117
6,25,2,119
13,72,152,121
11,104,153,120
6,25,2,122
13,73,156,124
11,105,157,123
6,25,2,125
13,74,160,127
11,106,161,126
6,25,2,128
13,75,164,130
11,107,165,129
6,25,2,131
13,76,168,133
11,108,169,132
6,25,2,134
13,77,172,136
11,109,173,135
6,25,2,137
13,78,176,139
11,110,177,138
6,25,2,140
13,79,180,142
11,111,181,141
6,25,2,143
13,80,184,145
11,112,185,144
6,25,2,146
13,81,188,148
11,113,189,147
6,25,2,149
13,82,192,151
11,114,193,150
6,25,2,152
13,83,196,154
11,115,197,153
6,25,2,155
13,84,200,157
11,116,201,156
6,25,2,158
13,85,204,160
11,117,205,159
6,25,2,161
13,86,208,163
11,118,209,162
6,25,2,164
13,87,212,166
11,119,213,165
6,25,2,167
13,88,216,169
11,120,217,168
6,25,2,170
13,89,220,172
11,121,221,171
6,25,2,173
13,90,224,175
11,122,225,174
6,25,2,176
13,91,228,178
11,123,229,177
6,25,2,179
13,92,232,181
11,124,233,180
6,25,2,182
13,93,236,184
11,125,237,183
6,25,2,185
13,94,240,187
11,126,241,186
6,25,2,188
13,95,244,190
11,127,245,189
6,25,2,191
13,96,248,193
11,128,249,192
6,25,2,194
13,97,252,196
11,129,253,195
6,25,2,197
13,98,256,199
11,130,257,198
6,25,2,200
13,99,260,202
11,131,261,201
6,25,2,203
13,100,264,205
11,132,265,204
6,25,2,206
13,101,268,208
11,133,269,207
6,25,2,209
13,102,272,211
11,134,273,210
6,25,2,212
13,103,276,214
11,135,277,213
6,25,2,215
13,104,280,217
11,136,281,216
6,25,2,218
13,105,284,220
11,137,285,219
6,25,2,221
13,106,288,223
11,138,289,222
6,25,2,224
13,107,292,226
11,139,293,225
6,25,2,227
13,108,296,229
11,140,297,228
6,25,2,230
13,109,300,232
11,141,301,231
6,25,2,233
13,110,304,235
11,142,305,234
6,25,2,236
13,111,308,238
11,143,309,237
6,25,2,239
13,112,312,241
11,144,313,240
6,25,2,242
13,113,316,244
11,145,317,243
6,25,2,245
13,114,320,247
11,146,321,246
6,25,2,248
13,115,324,250
11,147,325,249
6,25,2,251
13,116,328,253
11,148,329,252
6,25,2,254
13,117,332,256
11,149,333,255
6,25,2,257
13,118,336,259
11,150,337,258
6,25,2,260
13,119,340,262
11,151,341,261
6,25,2,263
13,120,344,265
11,152,345,264
6,25,2,266
13,121,348,268
11,153,349,267
6,25,2,269
13,122,352,271
11,154,353,270
6,25,2,272
13,123,356,274
11,155,357,273
6,25,2,275
13,124,360,277
11,156,361,276
6,25,2,278
13,125,364,280
11,157,365,279
6,25,2,281
13,126,368,283
11,158,369,282
6,25,2,284
13,127,372,286
11,159,373,285
6,25,2,287
13,128,376,289
11,160,377,288
6,25,2,290
13,129,380,292
11,161,381,291
6,25,2,293
13,130,384,295
11,162,385,294
6,25,2,296
13,131,388,298
11,163,389,297
6,25,2,299
13,132,392,301
11,164,393,300
6,25,2,302
13,133,396,304
11,165,397,303
6,25,2,305
13,134,400,307
11,166,401,306
6,25,2,308
13,135,404,310
11,167,405,309
6,25,2,311
13,136,408,313
11,168,409,312
6,25,2,314
13,137,412,316
11,169,413,315
6,25,2,317
13,138,416,319
11,170,417,318
6,25,2,320
13,139,420,322
11,171,421,321
6,25,2,323
13,140,424,325
11,172,425,324
6,25,2,326
13,141,428,328
11,173,429,327
6,25,2,329
13,142,432,331
11,174,433,330
6,25,2,332
13,143,436,334
11,175,437,333
6,25,2,335
13,144,440,337
11,176,441,336
6,25,2,338
13,145,444,340
11,177,445,339
6,25,2,341
13,146,448,343
11,178,449,342
6,25,2,344
13,147,452,346
11,179,453,345
6,25,2,347
13,148,456,349
11,180,457,348
6,25,2,350
13,149,460,352
11,181,461,351
6,25,2,353
13,150,464,355
11,182,465,354
6,25,2,356
13,151,468,358
11,183,469,357
6,25,2,359
13,152,472,361
11,184,473,360
6,25,2,362
13,153,476,364
11,185,477,363
6,25,2,365
13,154,480,367
11,186,481,366
6,25,2,368
13,155,484,370
11,187,485,369
6,25,2,371
13,156,488,373
11,188,489,372
6,25,2,374
13,157,492,376
11,189,493,375
6,25,2,377
13,158,496,379
11,190,497,378
6,25,2,380
13,159,500,382
11,191,501,381
6,25,2,383
13,160,504,385
11,192,505,384
6,25,2,386
13,161,508,388
11,193,509,387
6,25,2,389
13,162,512,391
11,194,513,390
6,25,2,392
13,163,516,394
11,195,517,393
6,25,2,395
13,164,520,397
11,196,521,396
6,25,2,398
13,165,524,400
11,197,525,399
6,25,2,401
13,166,528,403
11,198,529,402
6,25,2,404
13,167,532,406
11,199,533,405
6,25,2,407
13,168,536,409
11,200,537,408
6,25,2,410
13,169,540,412
11,201,541,411
6,25,2,413
13,170,544,415
11,202,545,414
6,25,2,416
13,171,548,418
11,203,549,417
6,25,2,419
13,172,552,421
11,204,553,420
6,25,2,422
13,173,556,424
11,205,557,423
6,25,2,425
13,174,560,427
11,206,561,426
6,25,2,428
13,175,564,430
11,207,565,429
6,25,2,431
13,176,568,433
11,208,569,432
6,25,2,434
13,177,572,436
11,209,573,435
6,25,2,437
13,184,589,439
11,216,590,438
10,248,42499,5
9,16,1,440
12,264,42504,1
