func_id,rms,cost,chains
5,8,1,3
7,16,2,2
8,16,1,4
13,36,5,7
11,68,6,6
6,25,2,8
13,37,7,10
11,69,8,9
6,25,2,11
13,37,7,13
11,69,8,12
6,25,2,14
13,37,7,16
11,69,8,15
6,25,2,17
13,38,16,19
11,70,17,18
6,25,2,20
13,39,20,22
11,71,21,21
6,25,2,23
13,40,24,25
11,72,25,24
6,25,2,26
13,41,28,28
11,73,29,27
6,25,2,29
13,42,32,31
11,74,33,30
6,25,2,32
13,43,36,34
11,75,37,33
6,25,2,35
13,44,40,37
11,76,41,36
6,25,2,38
13,45,44,40
11,77,45,39
6,25,2,41
13,46,48,43
11,78,49,42
6,25,2,44
13,47,52,46
11,79,53,45
6,25,2,47
13,48,56,49
11,80,57,48
6,25,2,50
13,49,60,52
11,81,61,51
6,25,2,53
13,50,64,55
11,82,65,54
6,25,2,56
13,51,68,58
11,83,69,57
6,25,2,59
13,52,72,61
11,84,73,60
6,25,2,62
13,53,76,64
11,85,77,63
6,25,2,65
13,54,80,67
11,86,81,66
6,25,2,68
13,55,84,70
11,87,85,69
6,25,2,71
13,56,88,73
11,88,89,72
6,25,2,74
13,57,92,76
11,89,93,75
6,25,2,77
13,58,96,79
11,90,97,78
6,25,2,80
13,59,100,82
11,91,101,81
6,25,2,83
13,60,104,85
11,92,105,84
6,25,2,86
13,61,108,88
11,93,109,87
6,25,2,89
13,62,112,91
11,94,113,90
6,25,2,92
13,63,116,94
11,95,117,93
6,25,2,95
13,64,120,97
11,96,121,96
6,25,2,98
13,65,124,100
11,97,125,99
6,25,2,101
13,66,128,103
11,98,129,102
6,25,2,104
13,67,132,106
11,99,133,105
6,25,2,107
13,68,136,109
11,100,137,108
6,25,2,110
13,69,140,112
11,101,141,111
6,25,2,113
13,70,144,115
11,102,145,114
6,25,2,116
13,71,148,118
11,103,149,117
6,25,2,119
13,72,152,121
11,104,153,120
6,25,2,122
13,73,156,124
11,105,157,123
6,25,2,125
13,74,160,127
11,106,161,126
6,25,2,128
13,75,164,130
11,107,165,129
6,25,2,131
13,76,168,133
11,108,169,132
6,25,2,134
13,77,172,136
11,109,173,135
6,25,2,137
13,78,176,139
11,110,177,138
6,25,2,140
13,79,180,142
11,111,181,141
6,25,2,143
13,80,184,145
11,112,185,144
6,25,2,146
13,81,188,148
11,113,189,147
6,25,2,149
13,82,192,151
11,114,193,150
6,25,2,152
13,83,196,154
11,115,197,153
6,25,2,155
13,84,200,157
11,116,201,156
6,25,2,158
13,85,204,160
11,117,205,159
6,25,2,161
13,86,208,163
11,118,209,162
6,25,2,164
13,87,212,166
11,119,213,165
6,25,2,167
13,88,216,169
11,120,217,168
6,25,2,170
13,89,220,172
11,121,221,171
6,25,2,173
13,90,224,175
11,122,225,174
6,25,2,176
13,91,228,178
11,123,229,177
6,25,2,179
13,92,232,181
11,124,233,180
6,25,2,182
13,93,236,184
11,125,237,183
6,25,2,185
13,94,240,187
11,126,241,186
6,25,2,188
13,95,244,190
11,127,245,189
6,25,2,191
13,96,248,193
11,128,249,192
6,25,2,194
13,97,252,196
11,129,253,195
6,25,2,197
13,104,269,199
11,136,270,198
10,168,8659,5
9,16,1,200
12,184,8664,1
