func_id,rms,cost,chains
5,8,1,3
7,16,2,2
8,16,1,4
13,36,5,7
11,68,6,6
6,25,2,8
13,37,7,10
11,69,8,9
6,25,2,11
13,37,7,13
11,69,8,12
6,25,2,14
13,37,7,16
11,69,8,15
6,25,2,17
13,38,16,19
11,70,17,18
6,25,2,20
13,39,20,22
11,71,21,21
6,25,2,23
13,40,24,25
11,72,25,24
6,25,2,26
13,41,28,28
11,73,29,27
6,25,2,29
13,42,32,31
11,74,33,30
6,25,2,32
13,43,36,34
11,75,37,33
6,25,2,35
13,44,40,37
11,76,41,36
6,25,2,38
13,45,44,40
11,77,45,39
6,25,2,41
13,46,48,43
11,78,49,42
6,25,2,44
13,47,52,46
11,79,53,45
6,25,2,47
13,48,56,49
11,80,57,48
6,25,2,50
13,49,60,52
11,81,61,51
6,25,2,53
13,50,64,55
11,82,65,54
6,25,2,56
13,51,68,58
11,83,69,57
6,25,2,59
13,52,72,61
11,84,73,60
6,25,2,62
13,53,76,64
11,85,77,63
6,25,2,65
13,54,80,67
11,86,81,66
6,25,2,68
13,55,84,70
11,87,85,69
6,25,2,71
13,56,88,73
11,88,89,72
6,25,2,74
13,57,92,76
11,89,93,75
6,25,2,77
13,64,109,79
11,96,110,78
10,128,1339,5
9,16,1,80
12,144,1344,1
